[planfix-bw.jpg]
filters=Invert=1;
moddate=9dda8066fe3dcf01
width=453
height=350
textactive=0
[planfix.jpg]
filters=bw=1;finetune2=1,0.000000,0.376140,0.000000,00000000,0.461988;
moddate=2b848466fe3dcf01
width=453
height=350
textactive=0
